<?xml version="1.0" encoding="UTF-8" standalone="no"?>
<!DOCTYPE svg PUBLIC "-//W3C//DTD SVG 20010904//EN"
              "http://www.w3.org/TR/2001/REC-SVG-20010904/DTD/svg10.dtd">

<svg xmlns="http://www.w3.org/2000/svg"
     width="0.213333in" height="0.213333in"
     viewBox="0 0 64 64">
  <path id="Selection #1"
        fill="none" stroke="black" stroke-width="1"
        d="M 28.00,13.47
           C 20.64,15.22 7.54,22.79 6.36,31.00
             5.00,40.42 22.87,50.60 31.00,50.96
             41.02,51.40 47.04,47.97 53.98,40.99
             56.27,38.69 59.55,35.48 59.55,32.00
             59.55,28.52 56.27,25.31 53.98,23.01
             46.01,15.00 39.31,11.89 28.00,13.47 Z
           M 29.00,16.32
           C 38.19,15.32 44.28,17.59 51.00,24.04
             52.71,25.69 55.75,28.64 56.26,31.00
             56.86,33.83 54.70,36.09 52.94,38.00
             48.65,42.64 43.37,46.56 37.00,47.67
             28.29,49.20 20.35,45.74 14.17,39.71
             12.40,37.98 9.34,34.60 9.31,32.00
             9.21,24.89 23.03,17.68 29.00,16.32 Z
           M 29.01,20.70
           C 12.94,28.28 23.87,48.28 37.00,43.26
             50.24,38.20 45.86,17.03 29.01,20.70 Z
           M 31.01,23.41
           C 44.79,22.24 44.72,38.44 34.98,40.60
             23.43,43.17 19.10,27.35 31.01,23.41 Z" />
</svg>
